39 224
0 1
0 2
0 3
0 4
0 5
0 6
0 7
0 8
0 9
1 4
1 12
1 16
1 23
1 24
1 26
1 27
2 8
2 10
2 12
2 14
2 15
2 16
2 17
2 20
2 21
2 24
2 29
2 32
3 21
3 24
3 29
3 31
3 33
3 34
3 38
4 6
4 9
4 11
4 12
4 17
4 20
4 22
4 28
4 29
4 32
4 33
4 34
4 37
5 9
5 10
5 15
5 16
5 20
5 25
5 27
5 31
5 32
5 38
6 8
6 13
6 14
6 17
6 19
6 22
6 25
6 30
6 31
7 11
7 13
7 16
7 20
7 22
7 27
7 29
7 33
7 34
7 35
8 12
8 14
8 20
8 21
8 30
8 31
8 32
8 37
9 10
9 15
9 19
9 21
9 29
9 33
10 11
10 12
10 13
10 14
10 15
10 16
10 17
10 18
10 19
10 20
10 21
10 22
10 23
11 12
11 16
11 17
11 20
11 24
11 25
11 26
11 27
11 28
12 16
12 20
12 21
12 29
12 30
12 31
12 32
13 16
13 20
13 23
13 26
13 27
13 28
13 33
14 16
14 17
14 18
14 28
14 29
14 31
14 32
14 34
14 37
15 17
15 20
15 24
15 25
15 28
15 29
15 32
15 33
15 34
15 35
15 37
16 20
16 21
16 26
16 29
16 30
16 37
16 38
17 19
17 21
17 30
18 20
18 21
18 29
18 32
19 24
19 25
19 27
19 28
19 30
20 21
20 22
20 25
20 27
21 30
21 31
22 25
22 28
22 31
22 34
22 35
23 24
23 26
23 34
23 35
24 26
24 27
24 32
24 34
24 35
24 36
24 37
25 28
25 29
25 35
26 29
26 32
26 36
27 30
27 32
27 33
27 35
27 38
28 29
28 30
28 31
28 35
28 37
28 38
29 31
29 32
29 33
29 34
30 33
30 34
30 35
30 38
31 33
31 35
31 37
31 38
32 33
32 34
33 36
34 38
35 36
35 37
35 38
